"","baseMean","log2FoldChange","lfcSE","stat","pvalue","padj"
"1700042O10Rik",19.5714967773988,0.766713038309154,0.196519444253557,3.77578128875227,0.000159506906074667,0.0131258002298985
"2610005L07Rik",2753.91824342084,-0.32814360015776,0.072426834950354,-4.53037675496826,5.88785939707671e-06,0.00156984633326731
"2610008E11Rik",2238.78014521151,-0.374690742144756,0.0892597797461045,-4.19761067009157,2.69745846703079e-05,0.00416634721407756
"2810408A11Rik",268.980847312291,-0.469794820396185,0.138202963658767,-3.39731484657794,0.00068050621734144,0.0306679061873503
"2810442N19Rik",79.0481510922163,-0.678717090965218,0.186623015453853,-3.63724505688603,0.000275569726758664,0.0189551808001203
"3632454L22Rik",6.11088431371367,-0.712988805968209,0.193532368043435,-3.41784332898415,0.000631194292588538,0.0291991971111783
"5730559C18Rik",819.041902474141,-0.59220695519654,0.104194062314123,-5.6815294766012,1.33495500947388e-08,1.74468350853548e-05
"5830416P10Rik",19.3865637917083,0.598151820205663,0.164178075285185,3.59127202960241,0.000329067944067063,0.0208614342152963
"5930403L14Rik",1793.8651217252,-0.572130277695792,0.176862026297869,-3.25133817904361,0.00114863141887482,0.0433672173481849
"6030408B16Rik",14.8839005745917,-0.650473349482984,0.201604961784503,-3.22269200644072,0.00126992021634069,0.0456399054754572
"6820431F20Rik",14030.7835226941,-0.484625142606035,0.123322278373425,-3.93185118101354,8.42942444961147e-05,0.00850374129697414
"A530099J19Rik",50.0557561273943,0.67056957539274,0.157847955823547,4.42462335834914,9.66106869240856e-06,0.00202643897634594
"AI314180",5500.87709776033,0.153725324386886,0.0479141297062289,3.20839122792626,0.00133479788931255,0.0471480585019131
"AI846148",1546.32305560149,-0.175527123097139,0.0478230908634593,-3.67006071461193,0.000242492864864523,0.0172383003098253
"Abca12",41.0380609966399,0.677118599121756,0.193496416675315,3.37664048573606,0.000733768896386127,0.031992857528411
"Abca7",1029.48180495582,0.368438706668174,0.108515178242002,3.39505780293185,0.000686141127601021,0.0307604774522487
"Abca9",2970.53292983598,0.503568093872935,0.151755441366018,3.3132730485715,0.000922109094873272,0.037433989574689
"Acad10",157.881979469898,0.420773829919113,0.106806272415253,3.94381483264879,8.01955887029302e-05,0.00833514918523144
"Acat2",2571.93565581976,-0.307410163857566,0.082464598763646,-3.72771912941838,0.000193220539766589,0.0149218953210652
"Acp5",322.202138818224,0.530017780195826,0.163547481889559,3.23403371166578,0.00122055047507053,0.0448384532859989
"Adam15",2734.25756993561,0.376579415702624,0.106884899779555,3.52277485109131,0.00042705398127884,0.0240094840125417
"Adipor1",3692.13669971965,0.205555412369547,0.0486622541053933,4.22425675395271,2.39730620940676e-05,0.00384247476394536
"Adora3",65.5259850677193,0.775480593296264,0.197082625086498,3.80753800950321,0.000140357171410066,0.0121049154429291
"Aff1",1326.20055329535,0.36949097222844,0.114820409767067,3.21747692227161,0.001293234303865,0.0460629996282315
"Agpat2",487.504481261834,0.279884507694976,0.0638423711761457,4.38525259993645,1.15851261573087e-05,0.00225644390907288
"Akap13",4848.4490216872,0.308501396679974,0.08755336507771,3.52341968406025,0.0004260161917615,0.0240094840125417
"Aldh3b1",98.7249326097634,0.671694899119746,0.187509199755741,3.5650134041478,0.000363837593543622,0.0219870996969117
"Alox5",397.161281928238,0.757538723477752,0.201669442247649,3.65816225681862,0.0002540302140406,0.0179086030562232
"Ampd3",498.416387108108,0.773152535560442,0.15423259304142,5.00323725051647,5.6375487726124e-07,0.000281711628372602
"Anxa11",983.219398292901,0.400964335750765,0.113207857061958,3.54133529501904,0.000398107323212186,0.0233235980047415
"Ap1g2",792.265150879071,0.427440264014423,0.133498603786975,3.20045154739137,0.00137212437307157,0.0480667898937856
"Arid4a",1775.65309542175,0.172449097988529,0.0492108468840944,3.50449626439056,0.000457471986047797,0.0247530224297837
"Arpc1b",4812.30300440207,0.442829190980484,0.129410107588059,3.41996586531288,0.000626289938668618,0.0291991971111783
"Arrb1",2772.92747818202,0.23095332172078,0.053500852553973,4.31696143251798,1.58191785495251e-05,0.00281130962626285
"Arxes1",282.155350117351,-0.46649629445014,0.128346696333524,-3.63160283589256,0.000281666375240505,0.0191420468613447
"Asap2",1534.7799514168,-0.397874906663987,0.100394661410747,-3.96285535348641,7.40586557440174e-05,0.0079636491208282
"Asb4",1242.77925536053,-0.453743030723742,0.11049317263773,-4.10664951268182,4.01439651548759e-05,0.00512816517279205
"Astn1",954.973436312411,-0.601633388527801,0.181532288896317,-3.33601210293576,0.000849894636785518,0.0353914457818283
"Atpaf2",744.489489597827,0.230539338952744,0.0594095735491634,3.88106483190906,0.000104000109852335,0.00998283540333992
"B3gnt5",1224.31502654259,-0.573595391192008,0.135358727510617,-4.24064501383139,2.22878386446342e-05,0.0036410613324263
"B4galnt4",1912.52218317481,-0.462413746851592,0.103478664485374,-4.46884493348155,7.86431146457217e-06,0.00178152869044108
"Baiap3",241.839719673824,-0.582400380356864,0.179864951430196,-3.25188132244904,0.00114643879451786,0.0433672173481849
"Bbs4",551.862347876396,-0.223158658712815,0.0588956029916354,-3.78786235042648,0.000151948988059578,0.0127802638966942
"Bdnf",193.088270248031,-0.35702410274882,0.103883858447526,-3.43179056989297,0.000599610407537518,0.0283771053595054
"Bfsp2",24.1516608850449,0.743762813177203,0.200264053712625,3.67597133684233,0.000236946127701413,0.0170581131764704
"Bpifc",13.1618188692826,0.566082131158388,0.15303985557822,3.71583980790665,0.00020252987313772,0.0151567536294296
"Bst1",23.3027250128475,0.740067380673655,0.201597231043735,3.60776378654065,0.000308847473039535,0.0203228888829122
"Bzw2",3988.29887890627,-0.220889816777274,0.0523197689111283,-4.2217906673536,2.42369148914639e-05,0.00384845966360722
"C130021I20Rik",5721.19128798477,-0.394933279475676,0.114323060512974,-3.45543559942031,0.00054940442246965,0.0271348288888353
"C230072F16Rik",61.4175677477588,-0.723291670239954,0.15750872094838,-4.54294173842237,5.54745874714578e-06,0.00156560927923526
"C3",194.044217657839,0.779374951881661,0.199148321784434,3.79027383608708,0.000150481295222335,0.0127802638966942
"C330006A16Rik",1733.94880246316,0.24181995666334,0.0523928700899104,4.61584654268393,3.91496163362166e-06,0.00123176292880059
"Cadm1",1809.15841677925,-0.424062057395147,0.0999420685320286,-4.24309219896576,2.20460806392731e-05,0.00363653310739077
"Cadm4",751.232344161361,-0.352938271253305,0.107283893147609,-3.28932041328034,0.00100429623426388,0.0394976690281095
"Calb1",513.451280181433,-0.696519535510224,0.201987269575988,-3.59863288453638,0.000319894384867643,0.0207305386690305
"Calb2",31.3964485113674,-0.656216976267668,0.20052658123521,-3.27923174305388,0.00104090119552159,0.0405617231924583
"Camk1d",867.346387951027,0.390233830665509,0.098525477699678,3.96075711726586,7.47124970526514e-05,0.00798175534224843
"Camta1",599.242759558163,-0.344377804447615,0.0904050297104988,-3.80794176593425,0.000140128260178245,0.0121049154429291
"Capn1",1485.3314494693,0.495607576878026,0.0923091500179435,5.36894820873282,7.91971566530891e-08,8.40974807209989e-05
"Car14",364.97365472954,-0.820256653714411,0.182927519280318,-4.5216464076879,6.13604970335052e-06,0.00160167959558584
"Cbfa2t3",1552.7828537389,0.314931891814055,0.0861965403007688,3.65371773987084,0.000258470401776799,0.0181463310999497
"Cbln1",58.9355202702231,-0.977987001652172,0.182798931256074,-5.30146281771265,1.14878447357967e-07,0.000102725516874308
"Cbx2",2630.83727798049,-0.380386445897162,0.117306244292905,-3.24347999708729,0.00118079101450492,0.0438985543466928
"Ccnj",817.931986824353,-0.374657331901042,0.0807093381517216,-4.64058908902287,3.47417354741653e-06,0.00113511939558859
"Ccr8",88.3224638989506,0.71423829048787,0.198004953079943,3.49478886200941,0.00047443690768948,0.025116242662882
"Cd44",2566.67321158155,0.548008420718742,0.110693552560523,4.9492724697808,7.44914036592371e-07,0.000342056472478497
"Cd53",702.341164404005,0.649272801489689,0.196283331221152,3.27036880940143,0.00107407349420939,0.0416415811002937
"Cd55",371.438267278233,0.654963905118437,0.174262145299821,3.74344623240369,0.000181513457558872,0.0143437843903499
"Cd74",168.910737333541,0.700251290757154,0.20040780980676,3.4415874450102,0.000578311517471627,0.0281363717362029
"Cdc25c",859.294839017586,-0.207615526618959,0.0613618918568711,-3.38287692725597,0.00071730769616115,0.0316648238874579
"Cdh2",3637.37846687731,-0.43237248922621,0.122324070991807,-3.5360870522856,0.000406100850044138,0.0235886226835862
"Cds1",184.322854539925,0.550713364757418,0.162708552332834,3.37945346578421,0.000726301016733572,0.0318037481296479
"Cdsn",6.07737417807858,0.530203512940097,0.151757415370786,3.42614239983576,0.000612219324484566,0.0287337191242895
"Cebpa",859.023201755809,0.657707973303504,0.141962206722364,4.6279311541116,3.69336745200784e-06,0.0011839681699927
"Cebpb",1029.57354560654,0.576828982567482,0.109463186049171,5.26907603726118,1.37112163211e-07,0.000116476782647744
"Cep78",997.370596117866,-0.308589866636028,0.0702361774653192,-4.39269655203697,1.11953337293619e-05,0.00225644390907288
"Cfb",99.2769031639702,0.827550028582979,0.167402402627896,4.93636320866536,7.95928172738268e-07,0.000355863675126925
"Cflar",2365.31186757439,0.286270410361199,0.0677327121510479,4.22658940707126,2.37260025889314e-05,0.00383909318081851
"Chek1",1261.29244464724,-0.25180146997985,0.0666555731850733,-3.77717428923876,0.000158617736401101,0.0131258002298985
"Chic1",395.111120639796,-0.344407481785824,0.108187633674301,-3.18147194598693,0.0014652871355273,0.0492897438499732
"Chst12",968.50134350698,0.246830825563947,0.0475569958307755,5.19093519713118,2.0924044647317e-07,0.000155905767603336
"Ckm",58.5768844802216,0.832039471598,0.1980997603635,4.06735541959631,4.7549691624845e-05,0.00589685591756289
"Clca3a2",3.11703609033797,0.538775477350858,0.159515075692637,3.18357973513932,0.00145466043388747,0.0491345542181873
"Clec4a3",134.622304625719,0.724908953857907,0.193518177001239,3.71185412650365,0.000205746557202775,0.0152647773225989
"Cln6",1423.60176212747,0.26015939882352,0.0627744653157549,4.1447261661699,3.40220023881148e-05,0.00467697276576013
"Cma1",2134.31785681788,0.59802085080536,0.157311824279006,3.8521492120584,0.000117085637614937,0.0106950805541816
"Cma2",15.0424279884889,0.814532006472185,0.189264934534073,4.17309207661556,3.00493429675736e-05,0.00429023812621073
"Cnr2",116.313728120731,0.688388549823355,0.195523633264954,3.48640170003432,0.000489565268775439,0.0251290450649387
"Cntn2",101.051338039958,-0.945952716001036,0.154355486903487,-6.07526395768337,1.23783936525402e-09,4.20617816313315e-06
"Col25a1",1724.6186922361,-0.488837443935312,0.111946275384195,-4.36719723994173,1.25851069386679e-05,0.00234968095481282
"Coq2",859.351951852491,0.281708436852174,0.0877608720837131,3.21017623936132,0.00132653611856445,0.0469538513633542
"Coro2a",569.002448577545,0.558690779826737,0.16650424452155,3.34699797735836,0.000816918064344821,0.034525964958255
"Coro7",1821.14051790732,0.416114627266721,0.105780897158002,3.93327174052079,8.37974127581226e-05,0.00850374129697414
"Cpa3",6890.11603059183,0.653233664684777,0.186594679359836,3.36702085077766,0.000759849429984403,0.0327660959782614
"Crmp1",603.198664211661,-0.629662391827708,0.122214399293243,-5.15084298545237,2.59318224599254e-07,0.000176232665437653
"Csf2rb",1031.63717184103,0.860992146573907,0.194495216365807,4.36985536856622,1.24328855684467e-05,0.00234705250897678
"Csf2rb2",230.273749109126,0.870915516054478,0.183231739610632,4.72045300382618,2.3531997526668e-06,0.000850656676549126
"Csrp3",34.938274496305,0.792041689334118,0.191389290663667,4.12798388672382,3.65957751802528e-05,0.00489576551427161
"Cst7",66.9734978675102,0.681953312000659,0.201579912283479,3.3056208970904,0.000947662112665326,0.0379735360711884
"Ctsh",710.907902387465,0.720469174521544,0.147004533387424,4.89370636474793,9.89544481862124e-07,0.000400294303496131
"Cyp11a1",236.244457243477,1.17582635009443,0.193578755299032,5.95136448627614,2.65916145471889e-09,6.64903479001496e-06
"Cyp4f39",24.2709454493768,0.641939644467396,0.176682288957069,3.50548892850231,0.000455769456846506,0.0247396903253103
"D430019H16Rik",2649.05908913325,-0.296499089985213,0.0832069987583568,-3.56328980085126,0.00036623597493973,0.0219870996969117
"Dab1",578.306940023426,-0.505362782912295,0.15426514662211,-3.28026633819614,0.00103709131564556,0.0405061642593518
"Dach1",1063.8159280265,-0.775866418024077,0.158372462681247,-4.91235549870672,8.99887004631371e-07,0.0003819165656188
"Dact1",2011.33983158583,-0.235681530642596,0.0725537154457187,-3.24821583447043,0.00116131142838062,0.0434605241536292
"Ddc",300.969939949241,0.588290039479425,0.150971168207884,3.89279006254843,9.9097904202636e-05,0.00956632609319764
"Dhrs7",305.20596654645,0.34517582660551,0.0994313473413958,3.47280723350375,0.000515045137330816,0.0259662222054913
"Dhx40",1784.3492233406,-0.18639441906746,0.0587005690309629,-3.1751353176679,0.00149766642425659,0.0498928481335674
"Diap2",619.156320637155,0.291588340198881,0.0833623508770715,3.49846393157148,0.000467946377467919,0.0250012860162891
"Dll3",36.8461760617399,-0.807056816570711,0.19270299464999,-4.15045507536153,3.3181489296842e-05,0.00462093035371595
"Dmkn",107.901896369821,0.562081112778601,0.140753474141742,4.70719443251914,2.51149340052739e-06,0.000870821895407355
"Dock10",1195.89721232329,0.508918733026057,0.121430534871512,4.18950515498609,2.79563431518196e-05,0.00416647605394224
"Dok3",325.869011503699,0.501167195384037,0.139358008562875,3.59522530209617,0.000324110960465671,0.0207399703862769
"Dsc1",18.1511965144588,0.55737341558229,0.143730667061655,4.20792231660508,2.57729430520742e-05,0.00403014503568123
"Ecm1",383.954797452537,0.526929485396374,0.162194458433585,3.24262299123101,0.00118434817350922,0.0439346625937155
"Eef2k",2625.54577026362,0.348331996970576,0.049253074165449,7.0726952056583,1.51953005114392e-12,1.29084077844676e-08
"Eef2kmt",434.95256264962,0.266925144954617,0.083329926003527,3.20415977474167,0.0013545728204453,0.0475499839243093
"Efna2",1682.79818824829,-0.207528609206545,0.0586340608470269,-3.53912926322272,0.000401449222532719,0.0234385645733021
"Efna4",1097.02139816073,-0.318699510880825,0.0762948905737321,-4.1765107093138,2.96014812379659e-05,0.00426211157824611
"Efr3b",1199.86881351511,-0.379046724607963,0.10672528488631,-3.55129309468131,0.000383343265419325,0.0227727345436165
"Ehd3",402.462398094981,-0.504355187260671,0.114933201803077,-4.38569318698982,1.15616992353051e-05,0.00225644390907288
"Elavl4",75.9429498984658,-0.573565460809125,0.164496121195432,-3.47331678583799,0.000514068205623947,0.0259662222054913
"Elf4",2373.76782480773,0.448071704000467,0.0568466963266622,7.88268659467443,3.20416015663318e-15,5.44386810611976e-11
"Elovl1",1667.68091578855,0.245567088576179,0.0697662884569707,3.5201241770341,0.000431344801432663,0.0240094840125417
"Elovl2",169.77010475108,-0.497307734819693,0.109773714774796,-4.51870349743566,6.22194545666071e-06,0.00160167959558584
"Elovl5",2647.82180472765,-0.23808524522577,0.0587966486133871,-4.04910268536176,5.14143837518038e-05,0.00628439122261256
"Eppk1",51.9797921753052,0.638737059353337,0.186705973112504,3.29056326783699,0.000999870143726476,0.0394976690281095
"Espn",68.8960088980481,0.705070968727283,0.199595594956349,3.48671896324752,0.000488984911297517,0.0251290450649387
"Ext1",3282.67623612144,-0.187375839029769,0.0580026332493768,-3.23034742436789,0.00123639875765939,0.0449816164724476
"Ezh1",1018.55097318866,0.214082553510986,0.0657149685249288,3.25797669545323,0.0011220962088759,0.0426496970666702
"F2r",3500.90475920893,-0.382483355289111,0.0870389912067664,-4.39440866355477,1.11074691642068e-05,0.00225644390907288
"Fam105a",863.817828919294,0.671661315771107,0.16557198363869,4.04439172024216,5.24591461389429e-05,0.0063211410844017
"Fam169a",182.866177634554,-0.762110978280435,0.127683115207629,-5.94649498163603,2.73944929547409e-09,6.64903479001496e-06
"Fam19a1",44.6610693915396,-0.551956696033589,0.166161234907372,-3.28996095328739,0.00100201286412131,0.0394976690281095
"Fam46a",2655.96195493043,0.588578840426217,0.163901697726282,3.5812384150194,0.000341969415050913,0.0212045998602738
"Fam69b",712.251056289556,-0.316592539816315,0.0835116882251677,-3.7899175222692,0.000150697313542966,0.0127802638966942
"Fam83a",10.3393748502838,0.606420420943495,0.161409152121795,3.67273703805993,0.000239966385442068,0.0172026535386529
"Far2",96.1308777460403,0.757707474181854,0.198283797384539,3.70299329705967,0.000213070513851687,0.0156712901746327
"Faxc",1871.96293131841,-0.302935950175552,0.0757065103983208,-4.00106962413341,6.30567992279972e-05,0.00714223345922448
"Fblim1",2368.75918336256,-0.412460631993656,0.123460572269981,-3.34207588597936,0.000831543235297664,0.0348976748156067
"Fech",1629.8668187737,0.492576323155037,0.12708888534648,3.87398910700238,0.000107068200421969,0.0102195995796026
"Flt3l",102.021685263948,0.642761080346914,0.153578700330527,4.18378091042473,2.86700429444429e-05,0.0041962183090672
"Fnbp1",3514.651514338,0.236548918903798,0.0456864927665296,5.17780844190554,2.24507573236129e-07,0.000158932652886743
"Fnbp1l",5738.54391590457,-0.283843100595322,0.0657631398404239,-4.316044806159,1.58849749335629e-05,0.00281130962626285
"Fosl2",1447.51362874303,0.578271818932688,0.180323953470845,3.1909051304298,0.00141827842616887,0.0488385062865752
"Foxd1",79.4256519265305,0.659593997601142,0.188722466729692,3.36431560319108,0.000767337411014988,0.0329218752857188
"Foxred2",693.215212388656,-0.224755878664584,0.0676106836827516,-3.32342417659656,0.00088919592137557,0.0367577584043089
"Fpr1",7.90534536880862,0.762852207948871,0.18904392415994,3.89435401208084,9.84607680221438e-05,0.00955913399254985
"Fsd1",433.771915751158,-0.459860113582143,0.122734968470022,-3.74548316453549,0.000180046921705611,0.0142943794382165
"Galns",655.080874493868,0.348937410952224,0.102818274524622,3.39432026257457,0.000687991844135051,0.0307604774522487
"Galnt6",317.593789562213,1.06313741589404,0.167700058459574,6.31099388631303,2.77249147804658e-10,1.17761575530028e-06
"Gas2",3020.3400783628,-0.405174377398485,0.108115551063804,-3.74810771526271,0.000178173738253711,0.0142120742391106
"Gata2",1922.46034662254,0.651500481532345,0.197697851702509,3.18918454173694,0.00142674764710898,0.0488385062865752
"Gca",48.5863674715793,0.643483140827538,0.19808962602008,3.21771272186296,0.00129217168902085,0.0460629996282315
"Gcsam",19.6636525073498,0.657255852232718,0.189447709108823,3.3515461748342,0.000803616362190698,0.0340484837746134
"Gda",44.3201494772932,0.716550892919708,0.192657334776488,3.59228665770958,0.000327788984181058,0.0208581829259782
"Gdf11",582.984869893737,-0.274614851801805,0.0829941480040901,-3.30790577666888,0.000939964289936251,0.0378819874938018
"Gfi1",114.253692006296,0.661921377236861,0.201767090732835,3.2225362947024,0.00127061067038795,0.0456399054754572
"Gjc1",2672.08993592298,-0.298907985297648,0.0659876329377913,-4.52945909008128,5.9134882477403e-06,0.00156984633326731
"Gltp",1968.93257958104,0.461139270890934,0.132240854977642,3.48498756746344,0.00049215990840146,0.0251861350715085
"Gm2a",1209.01454301232,0.489682698262594,0.122097150928664,4.00933860166949,6.08890538034221e-05,0.00694859017668728
"Gm3558",43.911823000738,-0.644476266589426,0.190475811387469,-3.37237469715348,0.000745229875209435,0.0322996315811436
"Gmip",1430.79861069038,0.463984575378944,0.0994465948172154,4.66551426884698,3.0784613124844e-06,0.0010460611539822
"Gng3",63.6881388852842,-0.578852851826713,0.166580645748573,-3.45615070875458,0.000547948861802466,0.0271348288888353
"Gpc2",3592.78174340771,-0.503272361848003,0.10033215212437,-5.01657119323671,5.26017900186464e-07,0.000270819518914182
"Gpr141",43.9310641799507,0.682777398771506,0.197800618944514,3.35205312012794,0.000802146260737184,0.0340484837746134
"Gpr146",197.558708328161,0.515962387581814,0.152781457609166,3.37621894841005,0.000734894116007824,0.031992857528411
"Gpr156",71.9375873542743,-0.773548584628089,0.162143511259522,-4.73088473039851,2.23543434206934e-06,0.000825652814603437
"Gpr35",38.9555029194613,0.949854023220003,0.198800926823404,4.71405107056496,2.42839756380866e-06,0.000859551554356441
"Grap2",135.215965793644,0.679458342042942,0.198401269311802,3.38278906427017,0.000717537209927681,0.0316648238874579
"Grm6",52.8042485261938,0.656117425901907,0.192756593120005,3.28803235319206,0.00100890244571006,0.039587188343219
"Gsdmd",617.619156145874,0.334704558423549,0.105058907347339,3.18611273632765,0.00144198395223642,0.0489008130708519
"Gstm7",225.940716219028,-0.501288281510951,0.151344012075245,-3.31221234260495,0.000925612610758624,0.0374432339447358
"H2-Eb1",22.0475708205756,0.763581514515222,0.202000685624973,3.72919593732302,0.000192091745269029,0.0149024600553462
"H2afy2",4537.36868443484,-0.341951594456413,0.0721313553079029,-4.74059266215753,2.13093966809626e-06,0.000804554823924976
"H6pd",1886.37011607999,0.267098457988753,0.0826300717339011,3.23248507802507,0.00122718544896936,0.0448384532859989
"Hdac2",7127.65027723664,-0.151046668988984,0.0475402611964391,-3.17720606239235,0.00148701340088205,0.0496352803162789
"Hdc",1620.09111484438,0.775140273100832,0.182821393213269,4.11365486250218,3.8944356912013e-05,0.0050664232920973
"Hdgfrp3",2043.19309591219,-0.364906730333135,0.0621649640587255,-5.86928316250389,4.37683365400459e-09,8.26248930905978e-06
"Herpud1",1495.91940963497,0.338423750962262,0.0755679517967266,4.47867801820118,7.51067210750375e-06,0.00177329657101971
"Hexb",1754.25633693741,0.53076075280064,0.155738690715297,3.40207665758911,0.000668758765431656,0.0305435790986124
"Hmga2",6605.92627881184,-0.559987218914425,0.172418836056786,-3.26184615964772,0.00110689196302765,0.0423201403361115
"Hmgb3",4354.03306231275,-0.470011479480591,0.0805038759663945,-5.83830109311784,5.27357913671572e-09,8.95981095328e-06
"Hmgcr",5013.29803132458,-0.290921924059445,0.0864526402006383,-3.36519640655811,0.000764891905385595,0.0329000341075981
"Hnrnph1",24985.8953626326,-0.216130143492061,0.0594626260358636,-3.63473398604775,0.00027826760742889,0.0190635752024873
"Hnrnph3",3295.07180922802,-0.191652825897097,0.0540645861589976,-3.54475550083393,0.00039297742949734,0.0231027215472658
"Hnrnpr",6702.93463457663,-0.161180982174911,0.0461727749218215,-3.49077325331656,0.000481624819021349,0.025116242662882
"Hoxa9",1721.12101459347,-0.376917140048966,0.095500081661792,-3.94652736293892,7.92928636180525e-05,0.00833514918523144
"Hoxb8",97.3626745006565,-0.658457780859628,0.153325217600298,-4.2736472327432,1.9230120059644e-05,0.00326719739813351
"Hoxc10",31.0345513638713,0.595292839987143,0.169114880476215,3.40265981908218,0.000667333129283111,0.0305435790986124
"Hoxc9",81.5112651100098,0.686684301440329,0.189941301780941,3.59496180718355,0.000324439169002173,0.0207399703862769
"Hsd11b2",151.25691262799,-0.622403347684414,0.201743626417551,-3.22471484472838,0.00126098200712476,0.045486378558492
"Hsd17b7",863.558016362903,-0.244047489541399,0.0732235666001279,-3.33230173905094,0.000861308155402577,0.0357790355997305
"Hsf2",1005.23409984772,-0.288333981629308,0.0722319912147448,-3.99104949981052,6.57815474734669e-05,0.0073528190235145
"Htt",3837.63918045111,0.226260192031437,0.0708960341339565,3.19144354188434,0.00141563775005092,0.0488385062865752
"Idi1",1925.51487494569,-0.255525632606032,0.079349381830952,-3.22005729196189,0.00128164979969397,0.0459292416696284
"Ifi204",73.7892528073518,0.662652837839317,0.201644566068484,3.23333833958697,0.00122352562147456,0.0448384532859989
"Iglon5",975.360076012357,-0.510347817855887,0.104559005883808,-4.88027690837611,1.05936989685387e-06,0.000418574291803426
"Ikbke",374.27867402377,0.53945771066605,0.130200619081646,4.14212848994827,3.44097466580351e-05,0.00467697276576013
"Il1rl1",865.484084876592,0.866921662511054,0.201000171729364,4.1840511816963,2.86359594442981e-05,0.0041962183090672
"Il1rn",44.6495341060414,0.71951606718896,0.201303731840597,3.49208250751417,0.000479270178516892,0.025116242662882
"Il20rb",52.0309689511619,0.605083993579664,0.189001371461163,3.19146145039043,0.00141554999449202,0.0488385062865752
"Il2rg",567.795278659066,0.677684622671954,0.192474344813602,3.48764790631073,0.000487289318617538,0.0251290450649387
"Il3ra",484.182666117555,0.328705148230125,0.0917337419148637,3.5842523001598,0.000338045200376907,0.0211477583391937
"Ilf2",4932.05697447337,-0.191601483513824,0.0543902272303337,-3.52265766204441,0.000427242837773102,0.0240094840125417
"Ilf3",8801.66873283899,-0.127424238288325,0.0399864462970302,-3.18665168167445,0.0014392999551446,0.0489008130708519
"Ing1",2120.50921085724,-0.141377955406966,0.0430634304685024,-3.28285987447255,0.00102759730866021,0.0402278301247396
"Ints2",2244.92323426494,-0.241908497083596,0.0605652208505419,-3.99388791940676,6.49985977850903e-05,0.00731341838654758
"Iqgap1",9320.37361882757,0.391017469795596,0.0765597215953498,5.10716342855329,3.27030888292368e-07,0.000191594992830598
"Irf4",126.679661950169,0.73710912234541,0.20199804217698,3.56911700004775,0.000358186445531707,0.0219870996969117
"Irs2",1861.27841262706,-0.2960699077752,0.0830289141307778,-3.56559743307202,0.000363028258288387,0.0219870996969117
"Islr2",991.154197508202,-0.421498662963431,0.131513990088053,-3.20621029078273,0.00134495659817043,0.0473327963137487
"Itfg3",1859.03583962567,0.225336351944386,0.0659431646510509,3.41730287462663,0.000632448766151479,0.0291991971111783
"Itk",39.6640860044693,0.750958161767131,0.201227725708745,3.68156792950877,0.000231804008778201,0.0167933268233926
"Itsn2",2250.3093237499,0.237223967849208,0.0573753748380522,4.13479458924524,3.55272260885295e-05,0.00479053627971521
"Jakmip2",120.090902081739,-0.532593848660844,0.162807142099016,-3.26773557243698,0.00108411602833977,0.0417367909650505
"Jarid2",4163.23126640321,-0.270807119656277,0.0715816609832032,-3.78313241642702,0.000154866970350162,0.012961526237681
"Kcnab2",982.506749417399,0.57140350293601,0.175245140498477,3.24821011268367,0.00116133478315172,0.0434605241536292
"Kcnj3",51.6463608841473,-0.592264754251728,0.170916761898741,-3.43913392315498,0.000583578461482502,0.0281363717362029
"Kcnk6",876.738881991145,0.470830783828489,0.105698855770728,4.45443827905202,8.41131212009622e-06,0.00185595055740824
"Kcnmb4",533.022714071477,-0.334313628948779,0.102878737229067,-3.24840920145291,0.00116052241231622,0.0434605241536292
"Kdm3a",3265.24370692552,-0.180645888448746,0.0544966531824073,-3.31468085997564,0.000917478064311799,0.037433989574689
"Kif13b",1062.44703146259,0.263588651433629,0.0748913222655112,3.51983405235136,0.00043181688133384,0.0240094840125417
"Kif26b",1946.24873175013,-0.485569826285528,0.140554614579564,-3.45757221593552,0.000545066134093455,0.0270779930358123
"Kif5c",742.039067107963,-0.46344419644346,0.117036409328773,-3.95930999361619,7.5166618879326e-05,0.00798175534224843
"Klf10",1179.66406317124,0.373112474477501,0.114915059242311,3.2463219812029,0.0011690653690868,0.0435579399578614
"Klhdc2",2940.64474824706,-0.180969013164443,0.0477667082228191,-3.78847094763439,0.000151577313919934,0.0127802638966942
"Klhl23",1455.3913811331,-0.178743220089807,0.049655814100177,-3.59931384283869,0.000319057940012275,0.0207305386690305
"Klra2",7.000686378617,0.722680989935804,0.168444002747123,4.15744567954783,3.21825765612879e-05,0.00451885930393621
"Krt1",608.008484926507,0.531042316618862,0.147908805272304,3.72303851625832,0.000196839479580569,0.0149763605368421
"Krt10",725.060190017837,0.706836363946177,0.176422611136454,3.90173086898788,9.5507311071753e-05,0.0093831750772516
"Krt4",36.5695239768307,0.578259168013026,0.158087465077591,3.64684748741129,0.000265477386285871,0.0185615670493702
"Krt77",49.7492666689869,0.340269015946765,0.109915153953773,4.9953462170505,5.87303083402215e-07,0.000285093696771532
"Krt80",113.377214026859,0.769374843535737,0.176814544334586,4.33642182488536,1.44820899870075e-05,0.00264570654708879
"Krtdap",60.8179076381292,0.510351153414616,0.149890267820997,3.43255845051161,0.000597914984559025,0.0283771053595054
"LOC100038947",5.07470894199047,0.553127427624991,0.146228814500555,3.8113653420651,0.000138201333994875,0.0120771824487195
"LOC102636514",171.541774922445,-0.661565950761514,0.178182039295085,-3.72518377658233,0.000195172979967153,0.0149763605368421
"Lancl2",1304.96921359903,-0.21449395062324,0.0526670711385754,-4.07219946579367,4.65712701164014e-05,0.00586108058724192
"Lcn2",26.177064242504,0.611998098535778,0.152324172678994,4.19146669259747,2.7715688149375e-05,0.00416647605394224
"Lct",55.220819464479,-0.689764951035016,0.17068604349096,-4.00914808231649,6.09381951928431e-05,0.00694859017668728
"Lgals8",929.35521746408,0.260951813484654,0.0743865422920048,3.50849363769892,0.000450652013146533,0.0246878332195745
"Lgals9",901.376451156603,0.57195892144537,0.171704236696077,3.32017975760446,0.000899595033813855,0.0370223234272334
"Lhx2",1009.10074001892,-0.583702797120634,0.183291334943473,-3.20607271596424,0.00134559980103241,0.0473327963137487
"Lhx9",1300.61344930205,-0.669233488413638,0.18548428866022,-3.64062154927325,0.000271980670221945,0.0189207853670941
"Lpcat2",331.887649595032,0.632389818794976,0.182945408770897,3.4386662984663,0.000584587358615633,0.0281363717362029
"Lppr3",3964.67706216119,-0.434230647169135,0.110142145454622,-3.94332150725754,8.03608070802089e-05,0.00833514918523144
"Lpxn",214.554377003344,0.683032510195167,0.200261011847057,3.35991276822655,0.000779670859905883,0.0332463663927617
"Lrrk1",1115.10360127262,0.370731256671815,0.115278757629468,3.21544841997472,0.00130240898103289,0.0462547161462724
"Lsm14b",3590.17049777796,-0.235231074607763,0.0656345085905823,-3.58385252718808,0.000338563288302571,0.0211477583391937
"Ltf",65.2302603783624,0.6229534357199,0.150595847712878,4.47910514460982,7.49566071848943e-06,0.00177329657101971
"Ly6d",12.9414207596005,0.478251516305864,0.143297167981544,3.38186668430326,0.000719950751843353,0.0316890240254367
"Ly75",174.44838269783,-0.492406607814973,0.126972657201014,-3.86960886168892,0.000109010099021381,0.0103110869921005
"Lyz1",216.263429108649,0.766500707168993,0.199665098235771,3.77815860042914,0.000157992253073336,0.0131258002298985
"Lyz2",2109.33302064815,0.836406968742091,0.196674987682159,4.19152647360684,2.77083848211383e-05,0.00416647605394224
"Mafg",1190.42086020314,0.236781150892152,0.0636662167684409,3.71944364854767,0.000199662085208676,0.0150767059008685
"Man2b1",4511.85091038569,0.600478905645507,0.135357783585391,4.43196453744066,9.33783782804777e-06,0.00198312330873164
"Man2b2",1480.15381329877,0.63334306515073,0.112889331789861,5.60870662443491,2.03844229542226e-08,2.30887563994828e-05
"Maob",822.884592673832,0.685951597265976,0.201273667439902,3.31751651980268,0.00090821544688361,0.0371821215483194
"March2",839.60391553966,0.280802356913014,0.0759436440476876,3.69811241231945,0.000217208698969013,0.0159067922219118
"March8",1973.94962228727,0.215520390396488,0.0628000131680581,3.43203610575775,0.000599067796685794,0.0283771053595054
"Mcemp1",17.6943270279769,0.772811578450978,0.181523174380104,4.12473177266581,3.71167059028652e-05,0.00492666276007562
"Mcpt-ps1",39.6762461212963,0.610700198342061,0.17034624059373,3.48311414581407,0.000495616997338693,0.0252868852395928
"Mcpt2",25.1802290522561,0.765382510942707,0.187024517240526,3.97494235342302,7.03963052226187e-05,0.00771634339182123
"Mcpt4",44.2553261949236,0.545276632701483,0.151768011665691,3.63773721187381,0.000275043839498149,0.0189551808001203
"Mcpt8",38.2854604377865,0.996023457237658,0.196662463047741,4.907672672167,9.21635031805228e-07,0.0003819165656188
"Mctp1",77.2929346451148,0.734011465366992,0.200828793140086,3.5978144652206,0.000320902393758389,0.0207305386690305
"Mecom",2735.50975695273,-0.589593193434037,0.173452181200027,-3.41483188665038,0.00063821388937125,0.0293060918389663
"Metap1d",345.905672327003,0.500616356511458,0.144906067401165,3.45208546349064,0.000556271502978919,0.0273723137568296
"Metrnl",412.212623307117,0.40095463013992,0.122942688332887,3.26144893984346,0.00110844393464212,0.0423201403361115
"Mettl9",4131.67620340823,-0.220844020700559,0.0585885635029963,-3.7693071942907,0.000163701307969629,0.0132442153447809
"Mex3a",8310.56283164256,-0.193773383700937,0.0382356102786367,-5.06779853904036,4.02443011265111e-07,0.000227916892046474
"Mex3b",3984.60822508699,-0.432866716527861,0.0743505025728729,-5.82176391380605,5.82297651587909e-09,8.99385190952597e-06
"Mex3c",3013.18415896725,-0.202338738702981,0.0513712037296889,-3.9385802092492,8.19651939051897e-05,0.00838908821957333
"Mex3d",2427.09897695781,-0.244222191430155,0.0537121735212055,-4.54656489445657,5.45285623029707e-06,0.00156560927923526
"Mgat5b",181.699073595797,-0.559471567845646,0.154316171431869,-3.62386156691674,0.000290236989900045,0.0194919712055716
"Mknk1",1229.4089297852,0.309393115510015,0.0770668348491215,4.01496707494381,5.94540939327522e-05,0.00691866476655795
"Mkrn1",1330.29245063983,0.353385396780049,0.099358410782571,3.55671158419371,0.000375526045914441,0.022386622877496
"Mmp13",15.4036073459112,0.622829579220704,0.18425635908627,3.26987096934375,0.00107596551518711,0.0416415811002937
"Mmp19",167.354717764732,0.467034981958948,0.144789878093129,3.22554161352257,0.00125734555704785,0.0454517042856235
"Mmp8",12.2194945835333,0.521799190866086,0.15230453052785,3.39867009391284,0.000677143422950963,0.0305975179679172
"Mob3c",640.85681056886,0.408652664056323,0.0862185267660049,4.74059097157832,2.13095745006615e-06,0.000804554823924976
"Mrm1",308.84671371465,0.293941982063273,0.0872232876292397,3.37137856676404,0.000747930035741636,0.0323341763543267
"Msantd4",1722.35924348842,-0.200763873139468,0.0490069376798964,-4.09632040696212,4.19768855364772e-05,0.00532229317361752
"Msmo1",1309.50583118215,-0.390771203586075,0.121401979053067,-3.21951590261481,0.00128407238334747,0.0459292416696284
"Msn",8832.26422912923,0.310381294056373,0.0740181913425173,4.19323498505449,2.75004310866702e-05,0.00416647605394224
"Mtbp",1142.9913448149,-0.193508024500259,0.0476644502842246,-4.05926413411044,4.92276044946688e-05,0.00606070290119147
"Mtus1",1497.07256613842,0.367727174980466,0.110973186926919,3.31316722517957,0.00092245807734059,0.037433989574689
"Muc15",20.5345396777411,0.498946622237608,0.154061042985383,3.1789781075054,0.00147795253418424,0.049527442910829
"Mvp",667.692507578193,0.576464680088902,0.163098622326547,3.52664797967247,0.000420855908602374,0.0239482425793763
"Mycn",742.378403302304,-0.523230046112565,0.133770849049701,-3.91249569165143,9.13471684024386e-05,0.00907595550384463
"Mylk3",35.2691696328063,0.659296878309507,0.179982154577825,3.6702617434415,0.000242302227968213,0.0172383003098253
"Mzt1",985.894040909053,-0.463077688831325,0.0996783136741681,-4.6448296094499,3.40357245913668e-06,0.00113385678589671
"Naglu",550.665401173668,0.390512080107153,0.110469241236021,3.53563512373296,0.000406796141629828,0.0235886226835862
"Nat2",97.4254912794803,0.438494385985425,0.137541268952217,3.1912066729766,0.00141679893100876,0.0488385062865752
"Nat8l",290.729050673835,0.740115779512543,0.178806620123319,4.11734069156,3.8326928745354e-05,0.00504786449134545
"Nbeal2",681.691751072407,0.666182918675445,0.196820885619615,3.34396843714002,0.000825891330628332,0.034818594807383
"Ncan",74.5095516953874,-0.600149665633604,0.183962812730045,-3.26484507741459,0.00109523962663685,0.0420047883895261
"Neat1",2785.97484413251,0.629861975601149,0.192977894172326,3.23295146503461,0.00122518376101158,0.0448384532859989
"Neto2",746.469547638209,-0.379920848380871,0.108310024991735,-3.50689909184874,0.000453361033814434,0.0246878332195745
"Nfkb1",2794.45471950378,0.225382987944922,0.0578462394594176,3.89638910355623,9.76374828585657e-05,0.00953368295268408
"Nfkb2",1241.22721549225,0.201266227916768,0.0553002045141697,3.63980706083997,0.000272842402291821,0.0189207853670941
"Nlrp1b",38.6195462461815,0.681667700707738,0.187475529362946,3.62536971955896,0.000288548336710152,0.0194919712055716
"Nnat",6409.95672197844,-0.511970840139958,0.158797412732942,-3.2313659699184,0.00123200087806495,0.0449178002539132
"Nono",16762.4832289519,-0.132779164440694,0.0401894692808282,-3.30381666770875,0.000953781828859032,0.0381288312289763
"Nradd",655.720179567466,-0.250692399455005,0.0710738368438742,-3.52627114386078,0.000421455240213861,0.0239482425793763
"Ntf3",331.216080864434,-0.389505092774868,0.114639150562616,-3.3949176542951,0.000686492447305106,0.0307604774522487
"Nuak2",74.9474755944379,0.601703961043248,0.18110758338655,3.31753845559893,0.000908144133112985,0.0371821215483194
"Nucb1",7450.82865011904,0.239831093953057,0.0694851338900393,3.45152166848468,0.000557434994694705,0.0273723137568296
"Nucb2",806.959832124222,0.418855903350831,0.0957908042505261,4.37275363273103,1.22689151529247e-05,0.00234212211739541
"Nupr1",78.1165782267402,0.837754014405749,0.163472535788201,5.12533578401389,2.97007938468732e-07,0.000186894995354954
"Nxpe2",43.761490917159,-0.669546858583415,0.1909290614674,-3.4963644093446,0.000471644121295145,0.025116242662882
"Oas2",114.193085968197,0.726179104364299,0.201769579243931,3.53150435107335,0.000413203063974409,0.0237976951082211
"Oas3",13.7480987141003,0.714428411486594,0.199050341329717,3.51928270820479,0.000432715337279533,0.0240094840125417
"Ocel1",183.41248642697,0.47902888528939,0.148999805503084,3.21508439994881,0.00130406174420627,0.0462547161462724
"Ogdhl",1000.22019775743,-0.282577639077501,0.071145937397198,-3.97103842561436,7.15600350020579e-05,0.00778620717014088
"Orai3",682.809962114681,0.260445481410011,0.0582029064194172,4.47566311595642,7.61745157772572e-06,0.00177329657101971
"Osm",99.0066223279062,0.709861071581649,0.198242719344282,3.53397806463944,0.000409355050162321,0.0236562663342103
"Otop1",6.58689503901933,-0.736498999380593,0.193398862028028,-3.54857603031617,0.000387320162216908,0.0228491998474488
"P2rx1",191.180092306625,0.706980310932439,0.201744408736046,3.41940605753741,0.00062757998252672,0.0291991971111783
"P2rx4",655.270153904818,0.477037507632431,0.0970357817887127,4.91703302703945,8.78657322540907e-07,0.0003819165656188
"Pacsin1",197.132839735864,-0.502209869447867,0.13088367366509,-3.83201193230751,0.000127099573180168,0.0113058730279113
"Padi2",105.614708642068,0.727454449687972,0.198819339374194,3.61083672008885,0.000305210771291691,0.0201771634406452
"Pard6g",2049.25792163661,-0.225350957457086,0.0696072385694308,-3.23726301073025,0.00120682130202715,0.0444769933219984
"Parp14",445.295685049572,0.64249865312446,0.186876159828447,3.41540392025884,0.000636874931784087,0.0293060918389663
"Pcbp3",588.50837452588,-0.240813066697405,0.0755357380620157,-3.18719103385884,0.00143661854280289,0.0489008130708519
"Pcnxl4",800.920354242972,-0.323745683002407,0.0980111328489754,-3.30238371721016,0.000958668273334399,0.0382342111829846
"Pdcd6ip",5251.61991651488,0.216267283651675,0.063063789875024,3.42938708389822,0.000604946090276305,0.0285500946494289
"Pde8b",189.375893999605,-0.401043681512665,0.115127992350681,-3.47749952961573,0.000506113938672215,0.0256682860240028
"Peg13",1434.809373498,-0.311763214390229,0.0860201918716099,-3.62384362525055,0.000290257134491442,0.0194919712055716
"Phf19",475.202436063784,0.636182490685732,0.0970701584707497,6.55537889963004,5.55007734621586e-11,3.14319380374025e-07
"Phf21b",248.076441834256,-0.533744456479835,0.138975746632233,-3.83648167483676,0.000124809504373144,0.0112793270175517
"Phf6",2381.59061425201,-0.385434746615068,0.0842517836658488,-4.57453559962884,4.77277452952782e-06,0.00144794320788694
"Pi16",82.0123778118434,0.883470516945721,0.201882239428172,4.26461515453988,2.00247048218952e-05,0.0033531283583695
"Pik3r3",1520.37549767315,-0.385193766193195,0.0891931117982248,-4.31827340753129,1.57254555120385e-05,0.00281130962626285
"Pik3r6",277.736112061892,0.670896869944026,0.173305181593638,3.85786227745479,0.00011438306576312,0.0106158766868762
"Pla2g2f",40.0268404600126,0.566022443127419,0.158024774768786,3.56433274998806,0.000364782958844424,0.0219870996969117
"Plaur",160.678731601934,0.523706317159287,0.149913691843321,3.49254252079214,0.000478445415550977,0.025116242662882
"Plbd1",97.9672917124017,0.811700303787597,0.201513974870007,3.92278907067563,8.75297773089292e-05,0.00874782892046298
"Plcb2",425.644757755473,0.658504055556752,0.199828617188406,3.2469672477944,0.00116641811810022,0.0435548215967534
"Plekhg3",1737.03470934317,0.366945880396541,0.101453653877872,3.61652189845999,0.000298588068301903,0.019894161884115
"Plgrkt",687.216216177497,0.268792341217138,0.0697618916656288,3.8538089179915,0.000116294369082725,0.010680223409273
"Pls3",3225.58375615068,-0.222409182958073,0.0589331670995257,-3.77376714510008,0.000160800856766352,0.0131346469060593
"Plxnc1",1502.65243131485,0.426641765881153,0.122144055457945,3.49190953308703,0.000479580649238008,0.025116242662882
"Poglut1",1831.60916241842,-0.273684329620763,0.0533780470107175,-5.12670014790038,2.94864568429771e-07,0.000186894995354954
"Ppip5k1",593.907735360515,0.246552434809772,0.0599963823614858,4.11033106897297,3.95092238599382e-05,0.0050853160104572
"Ppp6r1",5514.40553265572,0.200068297644531,0.0627644035501246,3.18762393544716,0.00143446968616203,0.0489008130708519
"Prkcb",1920.12724693382,0.615775786649216,0.162672192696279,3.7751366215112,0.000159919991029369,0.0131258002298985
"Prkcq",179.496744722523,0.349510697360837,0.100236928915201,3.48978866225643,0.00048340266926206,0.025116242662882
"Prkrir",4110.01144109781,-0.204820981887706,0.0580436078606444,-3.52863479969978,0.000417709145600794,0.0238952134133249
"Prom1",1875.47085953334,-0.395288152866901,0.11956151956448,-3.30675096527193,0.000943847612196188,0.0379100967640975
"Prss28",17.1416845600707,0.725020192316362,0.182964464406801,3.81965672447694,0.000133637526500856,0.0117642568665779
"Prss34",502.636068421914,0.619047379248695,0.171996857582842,3.49293586640219,0.00047774123196225,0.025116242662882
"Psap",21095.9037503479,0.33905458769207,0.0810709691403749,4.18199011548804,2.88968535703862e-05,0.0041962183090672
"Psen2",513.194742078843,0.465766172481388,0.110713736383998,4.20719894505892,2.58555508469249e-05,0.00403014503568123
"Psrc1",1018.81269377139,-0.353381259605104,0.0768106248528663,-4.59962423175881,4.2325372156813e-06,0.001307469223535
"Pyhin1",15.4474537517348,0.688194301482961,0.175228612838123,3.83463067090927,0.000125753105687582,0.0113044723049313
"Rab19",29.7858455728178,0.786374438453251,0.201623361603961,3.82207088015397,0.000132335636909891,0.0117103253703076
"Rab27b",448.621324358653,0.715392826786241,0.201943299693075,3.45801297501827,0.000544175175791777,0.0270779930358123
"Rab37",116.360460754197,0.671410198845122,0.201555072809507,3.27433077755109,0.00105912553773415,0.0411774436752933
"Rab3ip",815.394200403037,-0.277340813638846,0.0746407346418663,-3.71475774455573,0.000203398459535606,0.0151567536294296
"Rad18",543.907415999441,-0.288545806762151,0.0639986171073752,-4.50665110965385,6.58587889070616e-06,0.00164550121107497
"Rad54b",791.335581312673,-0.249486667854817,0.0681703679032152,-3.65891731079629,0.00025328304101474,0.0179086030562232
"Ralbp1",3628.5619001863,0.296015114175501,0.0655629268878123,4.51509624512538,6.32880164015641e-06,0.0016048707442725
"Rbl2",1323.58596767214,0.300709411081772,0.0798705570227038,3.76510772830123,0.000166477291093907,0.0134049723966137
"Rbm12",2430.41266004887,-0.180018125563116,0.0358059724854875,-5.02731868825015,4.97385384603026e-07,0.000264080552637669
"Rgs13",8.27601564520836,0.818709161484615,0.176780716973692,4.47561335762413,7.61922599672977e-06,0.00177329657101971
"Rgs18",191.087178756347,0.690590209095968,0.201854878478971,3.34100883558621,0.000834745665417966,0.0348976748156067
"Rgs7bp",389.230856594235,0.501097690269168,0.120216383274565,4.16846372751582,3.06659549347856e-05,0.00434178811951673
"Rimklb",1255.23726493033,-0.593226617417347,0.1009398211671,-5.87604661025651,4.20180063066789e-09,8.26248930905978e-06
"Ripk1",1548.65808854681,0.220940217504216,0.0665512898793388,3.32006836521215,0.000899954065653173,0.0370223234272334
"Rnf122",1104.20689582433,-0.320763165582268,0.0969699868099403,-3.30762172286802,0.000940918111970828,0.0378819874938018
"Rpgr",497.000919782236,-0.2720286186771,0.0683762808074513,-3.97662434752167,6.99004547678372e-05,0.0077117449773088
"Rprd1a",2022.97733491859,-0.147741047103844,0.043230489591731,-3.41733324269162,0.000632378215978361,0.0291991971111783
"Rprm",626.873530617714,-0.570875573631742,0.127892351338133,-4.46343685683223,8.06553744519801e-06,0.00180307212097256
"Rps6ka4",1351.17482320813,0.276715909401391,0.0867367744386757,3.19033251696022,0.00142109183104533,0.0488385062865752
"Rps6ka6",1046.27015429033,-0.421870987503275,0.0834470290720569,-5.05419157130374,4.32217608880465e-07,0.000236883134673519
"Rundc3b",300.497704576451,-0.480259355524836,0.111366281595295,-4.30719806057655,1.65335556968435e-05,0.00289592898236464
"S100a10",2657.85292039767,0.418750106972743,0.115907868639614,3.61179538294089,0.000304084461353733,0.0201771634406452
"S100a11",3374.69252335613,0.454149376227039,0.139197025553126,3.25987167685481,0.00111462631371572,0.0424607647310093
"Sall2",2786.50447348893,-0.301743592648371,0.0767570267027823,-3.93101796636294,8.45869499228152e-05,0.00850374129697414
"Sbk1",5349.03149232496,-0.4487654292189,0.121062030696023,-3.70843641635558,0.000208543010545662,0.0154049815181339
"Sc5d",865.561212100947,-0.324672596724059,0.0725892665954688,-4.47142812799587,7.76989731058757e-06,0.00178152869044108
"Scarb1",1797.83739222362,0.265149310745576,0.0656367490232196,4.03982943403129,5.34900872963108e-05,0.0063999759377769
"Sema4f",225.0860788177,-0.502454353479639,0.121964821737181,-4.11294563318309,3.90642408042817e-05,0.0050664232920973
"Sema4g",2203.70586653012,-0.364397273286846,0.107454441502015,-3.39149435976573,0.000695125938432053,0.0309978732124949
"Sept3",1227.06620228813,-0.580427783691781,0.108615704373463,-5.34364758277422,9.10945957318682e-08,8.93879370352342e-05
"Serinc2",2252.52789425748,-0.316196271899876,0.0988517831814526,-3.19877442979825,0.00138013108332724,0.0482477923986208
"Serpinb1a",420.562630306121,1.04073855946151,0.195172363043666,5.25286299599561,1.49752931677664e-07,0.000121157252819215
"Sh3kbp1",1943.41471926182,0.210650096566418,0.0529073750497398,3.98173366833404,6.84144164161036e-05,0.00759713029352679
"Shd",639.137605713878,-0.430991142100917,0.103970265376148,-4.14380466239343,3.41590739942649e-05,0.00467697276576013
"Shisa5",1804.71869206986,0.234750899386607,0.0655409038143376,3.58199148029584,0.000340984915638015,0.0212045998602738
"Shroom3",1161.54881416308,-0.442546073694532,0.127790939320236,-3.46383537705253,0.000532532302549341,0.0267144441927754
"Shtn1",208.150373650037,0.517011055549907,0.150363340069906,3.43683173656109,0.000588561115632113,0.0282476083462983
"Slamf7",3.84079925468355,0.533639491367417,0.162988168007606,3.17840044746357,0.00148090063610105,0.0495285468648757
"Slc12a7",2241.81725536444,-0.331084580994441,0.0857320074294093,-3.86173885681828,0.000112582869710396,0.0105097964636243
"Slc18a2",315.752143855198,0.659336964657372,0.201134887141011,3.19255294759855,0.00141021088038082,0.0488385062865752
"Slc20a1",2529.68778869878,-0.203218479089462,0.0504380718638891,-4.02882191504399,5.60570613773918e-05,0.00661395467223533
"Slc22a3",695.930813021483,0.699251589272136,0.20162478998268,3.37966680599517,0.00072573753285926,0.0318037481296479
"Slc29a1",2295.8279297116,0.265597249359306,0.0761739666585015,3.48675922514209,0.000488911307645142,0.0251290450649387
"Slc29a4",311.414169882067,-0.581787040469711,0.127874965888022,-4.5450277318446,5.4928021822102e-06,0.00156560927923526
"Slc2a4",616.522135134072,-0.416063596653588,0.130750500112989,-3.1826666088016,0.00145925533230391,0.0491919605076259
"Slc2a9",50.8148230979566,0.706423191093693,0.165949559975993,4.26343717649965,2.01306116865032e-05,0.0033531283583695
"Slc30a2",66.971557207017,0.734794079487655,0.192680499890331,3.68104535001673,0.000232279682371823,0.0167933268233926
"Slc31a2",510.348339707766,0.268892134567677,0.0845496184922724,3.18094435384469,0.00146795823355423,0.0492897438499732
"Slc36a1",1368.78496535066,0.236638428693049,0.061165944319232,3.86909410926214,0.000109240474313013,0.0103110869921005
"Slc41a3",271.305629529301,0.531381595237769,0.153283754431648,3.46358356966002,0.000533030993605113,0.0267144441927754
"Slc45a3",1292.45546314438,0.794400111325352,0.201811116776941,3.8324242755113,0.000126886662604117,0.0113058730279113
"Slc4a8",319.41445317645,-0.36075541202219,0.109503098538483,-3.29230465928895,0.000993699020429168,0.0394461363483448
"Slc6a15",104.126280699048,-0.546944928577419,0.146299466581203,-3.72426620415699,0.000195884147310541,0.0149763605368421
"Slc7a5",2304.72574882067,0.470647876502684,0.141404638282829,3.32520016979533,0.0008835507568085,0.0366134813614059
"Slc8b1",490.018871818672,0.35878351691452,0.0886802058101468,4.04709702941315,5.18567493654461e-05,0.0062931869408495
"Slfn1",6.76004284935327,0.780205681376339,0.173460671650681,4.38334109807051,1.16872904060279e-05,0.00225644390907288
"Slfn10-ps",37.1886710554285,0.917057189835681,0.176680917155092,5.18932699967483,2.11055482923881e-07,0.000155905767603336
"Slfn5",257.940084738472,0.600359114677406,0.166917389017855,3.58771613308488,0.000333587182647858,0.0210693168519967
"Slitrk5",178.586300714046,-0.687426849938622,0.151346723610115,-4.53492224772783,5.76247095944601e-06,0.00156984633326731
"Slmo1",164.519129422883,-0.535843465231692,0.14395599099365,-3.71553621185061,0.000202773221337101,0.0151567536294296
"Smpdl3a",355.162563680365,0.507334794527565,0.155031285953879,3.26826829557154,0.0010820773692489,0.0417367909650505
"Smpx",154.130024186071,0.704296923375081,0.198318455256472,3.43948160857326,0.000582829383474827,0.0281363717362029
"Snca",176.231480287669,0.654890631891943,0.201596155838303,3.19174501686113,0.00141416112564331,0.0488385062865752
"Snx20",115.857601575256,0.701799627490561,0.201401525776513,3.42719298676438,0.000609855483887755,0.0287020628012547
"Soat2",57.6696429073289,0.6963016524527,0.201670727691071,3.37570475952561,0.000736268822460784,0.031992857528411
"Sox11",8733.2422311003,-0.57939380026931,0.130388160567965,-4.44732084502763,8.69479216757889e-06,0.00186993061933121
"Sp100",76.3025501050288,0.774001291519533,0.200849242866183,3.793816854649,0.000148349112859576,0.0127295526640616
"Spag5",2801.62384084381,-0.220432497937573,0.0515407483420852,-4.27661073080297,1.89760190231191e-05,0.00325659154750296
"Spast",3230.60194578565,-0.207369820122068,0.0554585119069926,-3.73903789494368,0.000184725882180684,0.0145300589733788
"Spta1",93.6737270633252,0.788234685946625,0.201881411436448,3.8106285245889,0.000138613924514438,0.0120771824487195
"Sptb",174.038503638658,0.700758453404121,0.17891836759489,3.90163840490638,9.55438074375825e-05,0.0093831750772516
"Srgn",993.437035339589,0.73514896421162,0.201998021544655,3.55683560742401,0.000375348875224641,0.022386622877496
"Srsf3",14607.8806346245,-0.216123135817171,0.0643317002417199,-3.35952316478229,0.000780771053014239,0.0332463663927617
"Stat3",2921.95011386077,0.307141152383747,0.0704843476292666,4.35767537916681,1.31451156456492e-05,0.00242755994369109
"Stat5a",417.784828250408,0.381941456563374,0.0949306468751433,4.02472452251826,5.70420492931439e-05,0.00668375460338286
"Stat5b",2279.34119837777,0.225817188738745,0.0641951286272866,3.51776966363144,0.000435189929556757,0.0240094840125417
"Stat6",1690.05987804086,0.430630895898143,0.122956995146348,3.50115110557231,0.000463253100457924,0.0248286125450477
"Stim1",1682.66251880952,0.216245417391079,0.0627384863164002,3.44693607421484,0.000566982723258533,0.0277609120119956
"Ston2",784.893896166872,0.552235099856807,0.137506177379436,4.01283651298715,5.99934651410417e-05,0.00693393859011088
"Synj1",1133.04547150483,0.196594907716344,0.0578133637848734,3.40080497063209,0.000671877443338695,0.0305975179679172
"Syt16",152.255001823075,-0.592024500798778,0.132737124049435,-4.44787850795426,8.67225541478113e-06,0.00186993061933121
"Tagln3",106.924045895465,-0.684539993960958,0.155526789041394,-4.38337395850849,1.16855268684877e-05,0.00225644390907288
"Taok3",1374.2543992014,0.608897305496029,0.106031098389668,5.74182655782402,9.36607278669902e-09,1.32607980538347e-05
"Tap2",230.07150851701,0.725296337948568,0.161295371070808,4.4879315976399,7.19180105624682e-06,0.00177085072384976
"Tapbp",1340.5756759517,0.391139133437151,0.109101711766967,3.58459677069531,0.000337599376972963,0.0211477583391937
"Tarm1",10.7901363358465,0.577394671380491,0.167389372941434,3.34179496967671,0.000832385213838112,0.0348976748156067
"Tcea3",143.959510842074,0.491438800717123,0.140896182262627,3.49004690688265,0.000482935772491492,0.025116242662882
"Tep1",1368.60876652459,0.348516042339495,0.0767692157487547,4.54016279669244,5.62108099077992e-06,0.00156560927923526
"Tgfb2",3909.20641836173,-0.294487752857185,0.0905224781334394,-3.25328272564328,0.00114079930350828,0.0432637950147447
"Tgif2",2486.01685463189,-0.245242929172343,0.0686897315406789,-3.57013885510652,0.000356792048164498,0.0219870996969117
"Tgm3",36.5629044255925,0.632489235579902,0.188259474210521,3.237923152529,0.00120403236927384,0.0444706738129621
"Them5",22.4015907833472,0.471068162264504,0.134881669926688,3.85661317157576,0.00011496888230637,0.0106158766868762
"Tln1",20010.384982684,0.266880799815681,0.0500094655815339,5.3366074552276,9.4701757894892e-08,8.93879370352342e-05
"Tmed3",1829.37576446873,0.249294813236889,0.076696562516866,3.25053164247027,0.00115189449143451,0.0433939853868565
"Tmeff1",2127.30807748314,-0.391575948952503,0.0766179356323451,-5.11028729919945,3.21669275555133e-07,0.000191594992830598
"Tmem106c",630.610046805033,0.307009638583926,0.0773530639431759,3.96974286292982,7.19502369459752e-05,0.00778620717014088
"Tmem136",639.885501756808,-0.307277775856541,0.0875101353672066,-3.51001127121776,0.000448087699538085,0.0246375728645698
"Tmem151b",764.587551187059,-0.521999868752102,0.118393689424469,-4.40833367319499,1.04168973075174e-05,0.0021583303079844
"Tmem98",1260.28597140491,-0.338615145289862,0.0839132170927528,-4.03479675912364,5.4649580697122e-05,0.00649298165065806
"Tmpo",15013.3760227639,-0.181367761408844,0.053363395657774,-3.39871740873815,0.000677026299560589,0.0305975179679172
"Tnfsf10",47.9754282570341,0.761739517909586,0.199457408755133,3.77120110977368,0.000162463670759599,0.0132069749579215
"Tnnt3",239.603116899248,0.657824546697832,0.175523206796973,3.73499973218397,0.000187715386981394,0.0146971632479903
"Tph1",28.1735145709651,0.639097657497867,0.185742432055211,3.31294819177553,0.00092318079057061,0.037433989574689
"Tpp1",2468.78426462357,0.393885362955215,0.123355250456672,3.19198962380848,0.00141296408449681,0.0488385062865752
"Tpsb2",1176.57441128312,0.540228066867044,0.15145871044748,3.6319942384426,0.000281239402459291,0.0191420468613447
"Tpsg1",68.3564262187061,0.662225992622201,0.172948797595902,3.73276379700703,0.00018939018014039,0.0147602713788313
"Traf4",3631.03602640001,-0.236908878102118,0.0600811028258136,-3.94303471994886,8.04570021411393e-05,0.00833514918523144
"Tril",10671.557240301,-0.448928538984763,0.127254555667885,-3.52982879801867,0.000415828653179479,0.0238680027618897
"Trim10",63.8791654915392,0.679376560963683,0.196808958392655,3.34059752372232,0.000835983145965386,0.0348976748156067
"Trim59",2376.33386180673,-0.353462291263371,0.10707631789811,-3.30130807381964,0.000962351503870688,0.0382912226013185
"Trmt2b",626.713787418203,0.290929802100941,0.0827136254507556,3.51800669207179,0.000434801397580862,0.0240094840125417
"Trpc3",184.838141937244,-0.462932448260794,0.130197336493429,-3.54999255418517,0.000385242047091477,0.0228057922651017
"Tshz1",4509.02407938975,-0.29497437083419,0.0768822939376232,-3.83667614736848,0.000124710754906238,0.0112793270175517
"Ttc26",550.282434711337,-0.227269334917122,0.0652494742983684,-3.482055999381,0.000497579624140526,0.0253110114196034
"Tube1",536.424992788466,-0.273845012992769,0.0858475373788233,-3.18879966727854,0.00142864847701165,0.0488385062865752
"Txnip",5914.5781389575,0.4021996002266,0.116129478639996,3.46229090702626,0.000535597900629313,0.0267641421520354
"Tyk2",1645.49975964771,0.219231355684703,0.067102632396537,3.26729746481343,0.00108579526819025,0.0417367909650505
"Uba7",322.270552762995,0.537368441451702,0.168103781134803,3.18957861796683,0.00142480378719407,0.0488385062865752
"Ubc",3386.36566098003,0.501341436941098,0.142368603843013,3.51773218851705,0.000435251387631715,0.0240094840125417
"Ube2l6",329.722693125131,0.645196732989475,0.158270390726393,4.06993317912678,4.70266239166091e-05,0.00587487014958227
"Unc13d",326.535526410955,0.737172888440647,0.200193132000861,3.62180125237183,0.000292558855550912,0.0195691927394094
"Unc5c",2160.21692568402,-0.443221707648442,0.137417045209665,-3.22758275713758,0.00124840923555438,0.0453215233163866
"Usp24",4292.60105986311,0.211427381751118,0.0622035066849288,3.39900652247581,0.000676311034778273,0.0305975179679172
"Vopp1",1956.20908709236,-0.265401113613662,0.0735760008297118,-3.60695829707765,0.000309807429115613,0.0203228888829122
"Vps37d",527.630387038823,-0.215756038597012,0.0655333530473279,-3.29127006768054,0.000997361129057275,0.0394976690281095
"Vwa5a",1903.03870953488,0.372969945637699,0.108650667925728,3.43232151971092,0.000598437633471996,0.0283771053595054
"Wasf1",1013.9718158171,-0.343396752154101,0.0751102416974405,-4.57084021126299,4.85772588873193e-06,0.00144794320788694
"Wdr17",32.7225590779567,-0.606873625230224,0.186043897133614,-3.22611857712324,0.00125481358603311,0.0454517042856235
"Wdr35",1595.36854371776,-0.227240247411431,0.0632075733894724,-3.59474412909684,0.000324710542834,0.0207399703862769
"Wdr6",9758.49891158901,-0.263523485329447,0.0738868586911458,-3.56663083949237,0.000361600308100449,0.0219870996969117
"Wdr81",1600.25319889369,0.334067244829298,0.0937462788485174,3.56360859378102,0.000365791265709248,0.0219870996969117
"Wdr86",879.960700129925,-0.239364905424548,0.0637735544320564,-3.75270432458575,0.000174937143744436,0.0140197267557451
"Wnt11",2303.07425759656,-0.425156879805129,0.126548388847815,-3.36102399132091,0.000776540800807413,0.033232816639088
"Xkr5",313.121095039727,-0.31392751099031,0.092646065974119,-3.38584556377563,0.000709593054728812,0.0315601727744568
"Ypel1",627.374747333267,-0.434238586440032,0.0873507020802504,-4.9688154377629,6.73631478782327e-07,0.000317916634014215
"Zbtb38",312.424334278745,0.372969975142899,0.108967347356372,3.42373605587868,0.000617665810992568,0.0289094824483849
"Zbtb7a",2452.92551859015,0.354266247586863,0.0951689665927343,3.72225466975014,0.000197451722204392,0.0149763605368421
"Zbtb7b",532.442566227012,0.579787741333651,0.181251762999711,3.18363775411588,0.0014543689304648,0.0491345542181873
"Zcchc18",448.885284305427,-0.523728018751102,0.152432341697871,-3.43880647673396,0.000584284754646956,0.0281363717362029
"Zfp184",494.320806313905,-0.387910120646428,0.110733682531164,-3.50211026450546,0.000461588546588907,0.0248286125450477
"Zfp266",5778.52846913374,-0.217793024516892,0.061115745778818,-3.56354495040641,0.0003658800064818,0.0219870996969117
"Zfp37",650.137901808778,-0.230623226254133,0.0681510886875025,-3.38315887019075,0.000716571671517827,0.0316648238874579
"Zfp422",3426.51192295971,-0.231520000760566,0.0642355637128806,-3.60413383256053,0.000313195651784778,0.0204661312454745
"Zfp454",288.358241848577,-0.333915202221713,0.0905621952736841,-3.68415782012172,0.00022946004457325,0.0167318719197404
"Zfp558",468.685075498885,-0.327860400945293,0.0935841168206806,-3.50169395055656,0.000462310343983651,0.0248286125450477
"Zfp60",1441.55640431897,-0.22679107030152,0.065910852816718,-3.44052109608706,0.000580595173741671,0.0281363717362029
"Zfp664",5189.97494378444,-0.233177491909102,0.0541925329240718,-4.30263289582067,1.68780371999281e-05,0.00292610053088549
"Zfp799",1424.9948375415,-0.19604545496818,0.0570767606002718,-3.43439091748409,0.000593887047437363,0.0283771053595054
"Zfp810",743.133300329584,-0.244944986381251,0.0633922266643527,-3.86297036362541,0.000112016601982792,0.0105097964636243
"Zfp831",75.0915048824985,-0.628121584275957,0.201672556336253,-3.24127054110389,0.00118998191108831,0.0440474785825499
"Zik1",902.859147839894,-0.366040058874336,0.0929003626159192,-3.9394218777807,8.16781928153578e-05,0.00838908821957333
"Zkscan2",466.80872164005,-0.458314912590134,0.080925052524839,-5.65863089904884,1.52585314371014e-08,1.85173177940252e-05
"Zmym2",3842.27443463327,-0.199076264363576,0.0567619462523693,-3.50708421969612,0.000453045736717583,0.0246878332195745
